Printing full population, Thu May 13 21:34:16 2021
Member 0, Path Length = 76, Fitness = 0.00832:
1100110202210212100120 | 2022002122101220101001 | 2021111200020211202120 | 1101022012212201011002 | 1210022222200101121122 | 2021202212202210111202 | 0022102200012020220022 | 1112220222112111120101 | 1122211102012001121212 | 0201202201212122111120 | 
2002022001021211112121 | 1011220222022122200210 | 2102022001011221101021 | 0001000221211222100102 | 0000211210200021210221 | 1212122221122012210100 | 1220220200102110222210 | 2220222102222011102202 | 0002220022021001201020 | 1001111212020020102111 | 
0120211021100101222211 | 1021221120200111222020 | 2021222210121202201100 | 0021101212120110110221 | 1220200121012021012010 | 1001111212020020102111 | 0120211021100101222211 | 1021221120200111222020 | 2021222210121202201100 | 2210020101012002002110 | 
1220200121012021012010 | 2210111111020200001221 | 1020021002001012020202 | 0221011221102002002021 | 1011220222022122200210 | 2102022001011221101021 | 0120211021100101222211 | 0001000221211222100102 | 2001001011210221000021 | 2220222102222011102202 | 
0102000021202010012211 | 2210020101012002002110 | 0112122010201210201202 | 0221011221102002002021 | 2201221210001210000211 | 1222201201001021202112 | 2002022022221221120202 | 2220202120120022200122 | 0001001000200002210211 | 1012120101001210201122 | 
2201210101010102221112 | 0012021212121210002220 | 0201222002110122002220 | 1100012200120200112110 | 2011111001200021011111 | 1222201201001021202112 | 2002022022221221120202 | 2220202120120022200122 | 0001001000200002210211 | 2210020101012002002110 | 
0112122010201210201202 | 1002122002210110110102 | 2201221210001210000211 | 1222201201001021202112 | 2002022022221221120202 | 0001010201201100011200 | 2220220222122221102100 | 1012120101001210201122 | 2201210101010102221112 | 1012000110221200110001 | 
2211120011201011220221 | 2011111001200021011111 | 1120000201002112020102 | 0010011020110022211000 | 1202021101010102202120 | 1011222120120212210122 | 7777777777777777777777 | 7777777777777777777777 | 7777777777777777777777 | 7777777777777777777777 | 
Member 1, Path Length = 78, Fitness = 0.00782:
1100110202210212100120 | 2022002122101220101001 | 2021111200020211202120 | 1101022012212201011002 | 1210022222200101121122 | 2021202212202210111202 | 0022102200012020220022 | 1112220222112111120101 | 1122211102012001121212 | 0201202201212122111120 | 
2002022001021211112121 | 1011220222022122200210 | 2102022001011221101021 | 0001000221211222100102 | 0000211210200021210221 | 1212122221122012210100 | 1220220200102110222210 | 2220222102222011102202 | 0002220022021001201020 | 1001111212020020102111 | 
0120211021100101222211 | 1021221120200111222020 | 2021222210121202201100 | 0021101212120110110221 | 1220200121012021012010 | 1001111212020020102111 | 0120211021100101222211 | 1021221120200111222020 | 2021222210121202201100 | 2210020101012002002110 | 
1220200121012021012010 | 2210111111020200001221 | 1020021002001012020202 | 0221011221102002002021 | 1011220222022122200210 | 2102022001011221101021 | 0120211021100101222211 | 0001000221211222100102 | 2001001011210221000021 | 2220222102222011102202 | 
0102000021202010012211 | 2210020101012002002110 | 0112122010201210201202 | 0221011221102002002021 | 2201221210001210000211 | 1222201201001021202112 | 2002022022221221120202 | 2220202120120022200122 | 0001001000200002210211 | 1012120101001210201122 | 
2201210101010102221112 | 0012021212121210002220 | 0201222002110122002220 | 1100012200120200112110 | 2011111001200021011111 | 1222201201001021202112 | 2002022022221221120202 | 2220202120120022200122 | 0001001000200002210211 | 2210020101012002002110 | 
0112122010201210201202 | 1002122002210110110102 | 2201221210001210000211 | 1222201201001021202112 | 2002022022221221120202 | 0001010201201100011200 | 2220220222122221102100 | 0001010201201100011200 | 2220220222122221102100 | 1012120101001210201122 | 
2201210101010102221112 | 1012000110221200110001 | 2211120011201011220221 | 2011111001200021011111 | 1120000201002112020102 | 0010011020110022211000 | 2010102212121210010201 | 1011222120120212210122 | 7777777777777777777777 | 7777777777777777777777 | 
Member 2, Path Length = 71, Fitness = 0.00648:
1100110202210212100120 | 2022002122101220101001 | 2021111200020211202120 | 1101022012212201011002 | 1210022222200101121122 | 2021202212202210111202 | 0022102200012020220022 | 1112220222112111120101 | 1122211102012001121212 | 0201202201212122111120 | 
2002022001021211112121 | 1011220222022122200210 | 2102022001011221101021 | 0001000221211222100102 | 0000211210200021210221 | 1212122221122012210100 | 1220220200102110222210 | 2220222102222011102202 | 0002220022021001201020 | 1001111212020020102111 | 
0120211021100101222211 | 1021221120200111222020 | 0102000021202010012211 | 2210020101012002002110 | 1220200121012021012010 | 1001111212020020102111 | 0120211021100101222211 | 1021221120200111222020 | 2021222210121202201100 | 2210020101012002002110 | 
1220200121012021012010 | 0021222222101011112002 | 1020021002001012020202 | 0221011221102002002021 | 1011220222022122200210 | 2102022001011221101021 | 0120211021100101222211 | 0001000221211222100102 | 0000211210200021210221 | 1212122221122012210100 | 
1220220200102110222210 | 2220222102222011102202 | 0102000021202010012211 | 2210020101012002002110 | 0112122010201210201202 | 1011220222022122200210 | 2102022001011221101021 | 0120211021100101222211 | 0001000221211222100102 | 0000211210200021210221 | 
1212122221122012210100 | 2001001011210221000021 | 2220222102222011102202 | 1210111102010121120022 | 2210020101012002002110 | 0112122010201210201202 | 1002122002210110110102 | 2201221210001210000211 | 1222201201001021202112 | 0110100100002002201010 | 
0001010201201100011200 | 2220220222122221102100 | 1012120101001210201122 | 2201210101010102221112 | 1012000110221200110001 | 2211120011201011220221 | 2011111001200021011111 | 1120000201002112020102 | 0010011020110022211000 | 1202021101010102202120 | 
1011222120120212210122 | 7777777777777777777777 | 7777777777777777777777 | 7777777777777777777777 | 7777777777777777777777 | 7777777777777777777777 | 7777777777777777777777 | 7777777777777777777777 | 7777777777777777777777 | 7777777777777777777777 | 
Member 3, Path Length = 76, Fitness = 0.00568:
1100110202210212100120 | 2022002122101220101001 | 2021111200020211202120 | 1101022012212201011002 | 1210022222200101121122 | 2021202212202210111202 | 0022102200012020220022 | 1112220222112111120101 | 1122211102012001121212 | 0201202201212122111120 | 
2002022001021211112121 | 1011220222022122200210 | 2102022001011221101021 | 0001000221211222100102 | 0000211210200021210221 | 1212122221122012210100 | 1220220200102110222210 | 2220222102222011102202 | 0002220022021001201020 | 1001111212020020102111 | 
0120211021100101222211 | 1021221120200111222020 | 2021222210121202201100 | 0021101212120110110221 | 1220200121012021012010 | 1001111212020020102111 | 0120211021100101222211 | 1021221120200111222020 | 2021222210121202201100 | 2210020101012002002110 | 
1220200121012021012010 | 2210111111020200001221 | 1020021002001012020202 | 0221011221102002002021 | 1011220222022122200210 | 2102022001011221101021 | 0120211021100101222211 | 0001000221211222100102 | 1220220200102110222210 | 2220222102222011102202 | 
0102000021202010012211 | 2210020101012002002110 | 0112122010201210201202 | 0221011221102002002021 | 2201221210001210000211 | 1222201201001021202112 | 2002022022221221120202 | 2220202120120022200122 | 0001001000200002210211 | 1012120101001210201122 | 
2201210101010102221112 | 0012021212121210002220 | 0201222002110122002220 | 1100012200120200112110 | 2011111001200021011111 | 1222201201001021202112 | 2002022022221221120202 | 2220202120120022200122 | 0001001000200002210211 | 2210020101012002002110 | 
0112122010201210201202 | 1002122002210110110102 | 2201221210001210000211 | 2000012012112102010220 | 2002022022221221120202 | 0001010201201100011200 | 2220220222122221102100 | 1012120101001210201122 | 2201210101010102221112 | 1012000110221200110001 | 
2211120011201011220221 | 2011111001200021011111 | 1120000201002112020102 | 0010011020110022211000 | 1202021101010102202120 | 1011222120120212210122 | 7777777777777777777777 | 7777777777777777777777 | 7777777777777777777777 | 7777777777777777777777 | 
Member 4, Path Length = 76, Fitness = 0.00534:
1100110202210212100120 | 2022002122101220101001 | 2021111200020211202120 | 1101022012212201011002 | 1210022222200101121122 | 0102010020010021222010 | 0022102200012020220022 | 1112220222112111120101 | 1122211102012001121212 | 0201202201212122111120 | 
2002022001021211112121 | 1011220222022122200210 | 2102022001011221101021 | 0001000221211222100102 | 0000211210200021210221 | 1212122221122012210100 | 1220220200102110222210 | 2220222102222011102202 | 0002220022021001201020 | 1001111212020020102111 | 
0120211021100101222211 | 1021221120200111222020 | 2021222210121202201100 | 2210020101012002002110 | 1220200121012021012010 | 1001111212020020102111 | 0120211021100101222211 | 1021221120200111222020 | 0102000021202010012211 | 2210020101012002002110 | 
1220200121012021012010 | 2210111111020200001221 | 1020021002001012020202 | 0221011221102002002021 | 1011220222022122200210 | 2102022001011221101021 | 0120211021100101222211 | 0001000221211222100102 | 0000211210200021210221 | 1212122221122012210100 | 
1220220200102110222210 | 2220222102222011102202 | 0102000021202010012211 | 2210020101012002002110 | 0112122010201210201202 | 0221011221102002002021 | 2201221210001210000211 | 1222201201001021202112 | 2002022022221221120202 | 2220202120120022200122 | 
0001001000200002210211 | 1012120101001210201122 | 2201210101010102221112 | 0012021212121210002220 | 0201222002110122002220 | 1100012200120200112110 | 2011111001200021011111 | 1222201201001021202112 | 2002022022221221120202 | 2220202120120022200122 | 
0001001000200002210211 | 2210020101012002002110 | 0112122010201210201202 | 1002122002210110110102 | 2201221210001210000211 | 1100012200120200112110 | 2011111001200021011111 | 1120011000222210102222 | 2021122022000212202212 | 2122121211102200111102 | 
2201001000122210112020 | 2220021021211212202100 | 0201210110012112211120 | 0112012210221211021010 | 1202021101010102202120 | 2122000201201020021200 | 7777777777777777777777 | 7777777777777777777777 | 7777777777777777777777 | 7777777777777777777777 | 
Member 5, Path Length = 80, Fitness = 0.00524:
1100110202210212100120 | 2022002122101220101001 | 2021111200020211202120 | 1101022012212201011002 | 1210022222200101121122 | 2021202212202210111202 | 0022102200012020220022 | 1112220222112111120101 | 1122211102012001121212 | 0201202201212122111120 | 
2002022001021211112121 | 1011220222022122200210 | 0210100112122002212102 | 0001000221211222100102 | 1111022021011102021002 | 1212122221122012210100 | 1220220200102110222210 | 1212122221122012210100 | 1220220200102110222210 | 2220222102222011102202 | 
0002220022021001201020 | 1001111212020020102111 | 0120211021100101222211 | 1021221120200111222020 | 2021222210121202201100 | 0021101212120110110221 | 1220200121012021012010 | 1001111212020020102111 | 0120211021100101222211 | 1021221120200111222020 | 
2021222210121202201100 | 2210020101012002002110 | 2001011202120102120121 | 2210111111020200001221 | 1020021002001012020202 | 0221011221102002002021 | 1011220222022122200210 | 2102022001011221101021 | 0120211021100101222211 | 0001000221211222100102 | 
2001001011210221000021 | 2220222102222011102202 | 0102000021202010012211 | 2210020101012002002110 | 0112122010201210201202 | 0221011221102002002021 | 2201221210001210000211 | 1222201201001021202112 | 2002022022221221120202 | 2220202120120022200122 | 
0001001000200002210211 | 1012120101001210201122 | 2201210101010102221112 | 0012021212121210002220 | 0201222002110122002220 | 1100012200120200112110 | 2011111001200021011111 | 1222201201001021202112 | 2002022022221221120202 | 2220202120120022200122 | 
0001001000200002210211 | 2210020101012002002110 | 0112122010201210201202 | 1002122002210110110102 | 2201221210001210000211 | 1222201201001021202112 | 2002022022221221120202 | 0001010201201100011200 | 2220220222122221102100 | 0001010201201100011200 | 
2220220222122221102100 | 1012120101001210201122 | 2201210101010102221112 | 1012000110221200110001 | 2211120011201011220221 | 2011111001200021011111 | 1120000201002112020102 | 0010011020110022211000 | 2010102212121210010201 | 1011222120120212210122 | 
Member 6, Path Length = 77, Fitness = 0.00486:
1100110202210212100120 | 2022002122101220101001 | 2021111200020211202120 | 1101022012212201011002 | 1210022222200101121122 | 2021202212202210111202 | 0022102200012020220022 | 1112220222112111120101 | 1122211102012001121212 | 0201202201212122111120 | 
2002022001021211112121 | 1011220222022122200210 | 2102022001011221101021 | 0001000221211222100102 | 1111022021011102021002 | 1212122221122012210100 | 1220220200102110222210 | 2220222102222011102202 | 0002220022021001201020 | 1001111212020020102111 | 
1201022102211212000022 | 1021221120200111222020 | 0102000021202010012211 | 2210020101012002002110 | 1220200121012021012010 | 1001111212020020102111 | 0120211021100101222211 | 1021221120200111222020 | 2021222210121202201100 | 2210020101012002002110 | 
1220200121012021012010 | 2210111111020200001221 | 1020021002001012020202 | 0221011221102002002021 | 2122001000100200011021 | 2102022001011221101021 | 0120211021100101222211 | 1112111002022000211210 | 0000211210200021210221 | 1212122221122012210100 | 
1220220200102110222210 | 2220222102222011102202 | 0102000021202010012211 | 2210020101012002002110 | 0112122010201210201202 | 0221011221102002002021 | 2201221210001210000211 | 1222201201001021202112 | 2002022022221221120202 | 2220202120120022200122 | 
0001001000200002210211 | 1012120101001210201122 | 2201210101010102221112 | 0012021212121210002220 | 0201222002110122002220 | 1100012200120200112110 | 2011111001200021011111 | 2201122111000021210000 | 2021122022000212202212 | 2122121211102200111102 | 
2220202120120022200122 | 0001001000200002210211 | 1012120101001210201122 | 2201210101010102221112 | 0012021212121210002220 | 0201222002110122002220 | 1222201201001021202112 | 2002022022221221120202 | 1012120101001210201122 | 2201210101010102221112 | 
1012000110221200110001 | 2211120011201011220221 | 2011111001200021011111 | 1120000201002112020102 | 0010011020110022211000 | 1202021101010102202120 | 1011222120120212210122 | 7777777777777777777777 | 7777777777777777777777 | 7777777777777777777777 | 
Member 7, Path Length = 78, Fitness = 0.00370:
1100110202210212100120 | 2022002122101220101001 | 2021111200020211202120 | 1101022012212201011002 | 1210022222200101121122 | 0102010020010021222010 | 0022102200012020220022 | 1112220222112111120101 | 1122211102012001121212 | 0201202201212122111120 | 
0110100112102022220202 | 1011220222022122200210 | 2102022001011221101021 | 0001000221211222100102 | 0000211210200021210221 | 1212122221122012210100 | 1220220200102110222210 | 2220222102222011102202 | 0002220022021001201020 | 1001111212020020102111 | 
0120211021100101222211 | 1021221120200111222020 | 2021222210121202201100 | 2210020101012002002110 | 1220200121012021012010 | 1001111212020020102111 | 0120211021100101222211 | 1021221120200111222020 | 0102000021202010012211 | 2210020101012002002110 | 
1220200121012021012010 | 2210111111020200001221 | 1020021002001012020202 | 0221011221102002002021 | 1011220222022122200210 | 2102022001011221101021 | 0120211021100101222211 | 0001000221211222100102 | 0000211210200021210221 | 1212122221122012210100 | 
1220220200102110222210 | 2220222102222011102202 | 0102000021202010012211 | 2210020101012002002110 | 0112122010201210201202 | 0221011221102002002021 | 2201221210001210000211 | 1222201201001021202112 | 2002022022221221120202 | 2220202120120022200122 | 
1112112111011110021022 | 1012120101001210201122 | 2201210101010102221112 | 0012021212121210002220 | 0201222002110122002220 | 1100012200120200112110 | 2011111001200021011111 | 1222201201001021202112 | 2002022022221221120202 | 2220202120120022200122 | 
0001001000200002210211 | 2210020101012002002110 | 0112122010201210201202 | 1002122002210110110102 | 2201221210001210000211 | 1222201201001021202112 | 2002022022221221120202 | 0001010201201100011200 | 2220220222122221102100 | 1012120101001210201122 | 
2201210101010102221112 | 1012000110221200110001 | 2211120011201011220221 | 2011111001200021011111 | 1120000201002112020102 | 0010011020110022211000 | 1202021101010102202120 | 1011222120120212210122 | 7777777777777777777777 | 7777777777777777777777 | 
Member 8, Path Length = 78, Fitness = 0.00351:
1100110202210212100120 | 2022002122101220101001 | 2021111200020211202120 | 1101022012212201011002 | 1210022222200101121122 | 2021202212202210111202 | 0022102200012020220022 | 1112220222112111120101 | 1122211102012001121212 | 0201202201212122111120 | 
2002022001021211112121 | 1011220222022122200210 | 2102022001011221101021 | 0001000221211222100102 | 1111022021011102021002 | 1212122221122012210100 | 1220220200102110222210 | 2220222102222011102202 | 0002220022021001201020 | 1001111212020020102111 | 
0120211021100101222211 | 1021221120200111222020 | 0102000021202010012211 | 2210020101012002002110 | 1220200121012021012010 | 1001111212020020102111 | 0120211021100101222211 | 2102002201011222000101 | 2021222210121202201100 | 2210020101012002002110 | 
1220200121012021012010 | 2210111111020200001221 | 1020021002001012020202 | 0221011221102002002021 | 2122001000100200011021 | 2102022001011221101021 | 0120211021100101222211 | 1112111002022000211210 | 0000211210200021210221 | 1212122221122012210100 | 
1220220200102110222210 | 2220222102222011102202 | 0102000021202010012211 | 2210020101012002002110 | 0112122010201210201202 | 0221011221102002002021 | 2201221210001210000211 | 2000012012112102010220 | 2002022022221221120202 | 2220202120120022200122 | 
0001001000200002210211 | 0012021212121210002220 | 0201222002110122002220 | 1100012200120200112110 | 2011111001200021011111 | 1222201201001021202112 | 2002022022221221120202 | 2220202120120022200122 | 0001001000200002210211 | 2210020101012002002110 | 
0112122010201210201202 | 1002122002210110110102 | 2201221210001210000211 | 1222201201001021202112 | 2002022022221221120202 | 0001010201201100011200 | 2220220222122221102100 | 0001010201201100011200 | 2220220222122221102100 | 1012120101001210201122 | 
2201210101010102221112 | 1012000110221200110001 | 2211120011201011220221 | 2011111001200021011111 | 1120000201002112020102 | 0010011020110022211000 | 2010102212121210010201 | 1011222120120212210122 | 7777777777777777777777 | 7777777777777777777777 | 
Member 9, Path Length = 78, Fitness = 0.00275:
1100110202210212100120 | 2022002122101220101001 | 2021111200020211202120 | 1101022012212201011002 | 1210022222200101121122 | 2021202212202210111202 | 0022102200012020220022 | 1112220222112111120101 | 1122211102012001121212 | 0201202201212122111120 | 
2002022001021211112121 | 1011220222022122200210 | 2102022001011221101021 | 0001000221211222100102 | 1111022021011102021002 | 1212122221122012210100 | 1220220200102110222210 | 2220222102222011102202 | 0002220022021001201020 | 1001111212020020102111 | 
0120211021100101222211 | 1021221120200111222020 | 0102000021202010012211 | 2210020101012002002110 | 1220200121012021012010 | 1001111212020020102111 | 0120211021100101222211 | 1021221120200111222020 | 2021222210121202201100 | 2210020101012002002110 | 
1220200121012021012010 | 2210111111020200001221 | 1020021002001012020202 | 0221011221102002002021 | 2122001000100200011021 | 2102022001011221101021 | 1011220222022122200210 | 2102022001011221101021 | 0120211021100101222211 | 0001000221211222100102 | 
2001001011210221000021 | 2220222102222011102202 | 0102000021202010012211 | 2210020101012002002110 | 0112122010201210201202 | 0221011221102002002021 | 2201221210001210000211 | 1222201201001021202112 | 2002022022221221120202 | 2220202120120022200122 | 
0001001000200002210211 | 1012120101001210201122 | 2201210101010102221112 | 0012021212121210002220 | 0201222002110122002220 | 1100012200120200112110 | 2011111001200021011111 | 1222201201001021202112 | 2002022022221221120202 | 2220202120120022200122 | 
0001001000200002210211 | 2210020101012002002110 | 1220200121012021012010 | 1002122002210110110102 | 2201221210001210000211 | 1222201201001021202112 | 2002022022221221120202 | 0001010201201100011200 | 2220220222122221102100 | 1012120101001210201122 | 
2201210101010102221112 | 1012000110221200110001 | 2211120011201011220221 | 2011111001200021011111 | 1120000201002112020102 | 0010011020110022211000 | 1202021101010102202120 | 1011222120120212210122 | 7777777777777777777777 | 7777777777777777777777 | 
Member 10, Path Length = 77, Fitness = 0.00001:
1100110202210212100120 | 2022002122101220101001 | 2021111200020211202120 | 1101022012212201011002 | 1210022222200101121122 | 2021202212202210111202 | 0022102200012020220022 | 1112220222112111120101 | 1122211102012001121212 | 0201202201212122111120 | 
2002022001021211112121 | 1011220222022122200210 | 2102022001011221101021 | 0001000221211222100102 | 0000211210200021210221 | 1212122221122012210100 | 1220220200102110222210 | 2220222102222011102202 | 0002220022021001201020 | 1001111212020020102111 | 
0120211021100101222211 | 1021221120200111222020 | 2021222210121202201100 | 0021101212120110110221 | 2001011202120102120121 | 1001111212020020102111 | 0120211021100101222211 | 1021221120200111222020 | 2021222210121202201100 | 2210020101012002002110 | 
1220200121012021012010 | 2210111111020200001221 | 1020021002001012020202 | 0221011221102002002021 | 1011220222022122200210 | 2102022001011221101021 | 0120211021100101222211 | 0001000221211222100102 | 2001001011210221000021 | 2220222102222011102202 | 
0102000021202010012211 | 2210020101012002002110 | 0112122010201210201202 | 0221011221102002002021 | 0012002021112021111022 | 1222201201001021202112 | 2002022022221221120202 | 2220202120120022200122 | 0001001000200002210211 | 1012120101001210201122 | 
2201210101010102221112 | 1012120101001210201122 | 2201210101010102221112 | 0012021212121210002220 | 0201222002110122002220 | 1100012200120200112110 | 2011111001200021011111 | 2201122111000021210000 | 2021122022000212202212 | 2122121211102200111102 | 
2220202120120022200122 | 0001001000200002210211 | 1012120101001210201122 | 2201210101010102221112 | 0012021212121210002220 | 0201222002110122002220 | 1222201201001021202112 | 2002022022221221120202 | 1012120101001210201122 | 2201210101010102221112 | 
1012000110221200110001 | 2211120011201011220221 | 2011111001200021011111 | 1120000201002112020102 | 0010011020110022211000 | 1202021101010102202120 | 1011222120120212210122 | 7777777777777777777777 | 7777777777777777777777 | 7777777777777777777777 | 
Member 11, Path Length = 76, Fitness = 0.00001:
1100110202210212100120 | 2022002122101220101001 | 2021111200020211202120 | 1101022012212201011002 | 1210022222200101121122 | 2021202212202210111202 | 0022102200012020220022 | 1112220222112111120101 | 1122211102012001121212 | 0201202201212122111120 | 
2002022001021211112121 | 1011220222022122200210 | 2102022001011221101021 | 0001000221211222100102 | 0000211210200021210221 | 1212122221122012210100 | 1220220200102110222210 | 2220222102222011102202 | 0002220022021001201020 | 1001111212020020102111 | 
0120211021100101222211 | 1021221120200111222020 | 2021222210121202201100 | 0021101212120110110221 | 1220200121012021012010 | 1001111212020020102111 | 0120211021100101222211 | 1021221120200111222020 | 2021222210121202201100 | 2210020101012002002110 | 
1220200121012021012010 | 2210111111020200001221 | 2101102110112120101010 | 0221011221102002002021 | 1011220222022122200210 | 2102022001011221101021 | 0120211021100101222211 | 0001000221211222100102 | 2001001011210221000021 | 1220220200102110222210 | 
2220222102222011102202 | 0102000021202010012211 | 2210020101012002002110 | 0112122010201210201202 | 0221011221102002002021 | 2201221210001210000211 | 1222201201001021202112 | 2002022022221221120202 | 2220202120120022200122 | 0001001000200002210211 | 
1012120101001210201122 | 2201210101010102221112 | 0012021212121210002220 | 0201222002110122002220 | 1100012200120200112110 | 2011111001200021011111 | 2201122111000021210000 | 2021122022000212202212 | 2122121211102200111102 | 2220202120120022200122 | 
0001001000200002210211 | 1012120101001210201122 | 2201210101010102221112 | 0012021212121210002220 | 0201222002110122002220 | 1222201201001021202112 | 2002022022221221120202 | 1012120101001210201122 | 2201210101010102221112 | 1012000110221200110001 | 
2211120011201011220221 | 2011111001200021011111 | 1120000201002112020102 | 0010011020110022211000 | 1202021101010102202120 | 1011222120120212210122 | 7777777777777777777777 | 7777777777777777777777 | 7777777777777777777777 | 7777777777777777777777 | 
Member 12, Path Length = 79, Fitness = 0.00000:
1100110202210212100120 | 2022002122101220101001 | 2021111200020211202120 | 1101022012212201011002 | 1210022222200101121122 | 2021202212202210111202 | 0022102200012020220022 | 1112220222112111120101 | 1122211102012001121212 | 0201202201212122111120 | 
2002022001021211112121 | 1011220222022122200210 | 2102022001011221101021 | 0001000221211222100102 | 1111022021011102021002 | 1212122221122012210100 | 1220220200102110222210 | 2220222102222011102202 | 0002220022021001201020 | 1001111212020020102111 | 
0120211021100101222211 | 1021221120200111222020 | 0102000021202010012211 | 2210020101012002002110 | 1220200121012021012010 | 1001111212020020102111 | 0120211021100101222211 | 1021221120200111222020 | 2021222210121202201100 | 2210020101012002002110 | 
1220200121012021012010 | 2210111111020200001221 | 1020021002001012020202 | 0221011221102002002021 | 2122001000100200011021 | 2102022001011221101021 | 0120211021100101222211 | 1112111002022000211210 | 0000211210200021210221 | 1212122221122012210100 | 
2220222102222011102202 | 0102000021202010012211 | 2210020101012002002110 | 0112122010201210201202 | 0221011221102002002021 | 2201221210001210000211 | 1222201201001021202112 | 2002022022221221120202 | 2220202120120022200122 | 0001001000200002210211 | 
1012120101001210201122 | 2201210101010102221112 | 0012021212121210002220 | 0201222002110122002220 | 1100012200120200112110 | 2011111001200021011111 | 1222201201001021202112 | 2002022022221221120202 | 2220202120120022200122 | 0001001000200002210211 | 
2210020101012002002110 | 0112122010201210201202 | 1002122002210110110102 | 2201221210001210000211 | 1222201201001021202112 | 2002022022221221120202 | 0001010201201100011200 | 2220220222122221102100 | 0001010201201100011200 | 2220220222122221102100 | 
1012120101001210201122 | 2201210101010102221112 | 1012000110221200110001 | 2211120011201011220221 | 2011111001200021011111 | 1120000201002112020102 | 0010011020110022211000 | 2010102212121210010201 | 1011222120120212210122 | 7777777777777777777777 | 
Member 13, Path Length = 75, Fitness = 0.00000:
1100110202210212100120 | 2022002122101220101001 | 2021111200020211202120 | 1101022012212201011002 | 1210022222200101121122 | 2021202212202210111202 | 0022102200012020220022 | 1112220222112111120101 | 1122211102012001121212 | 0201202201212122111120 | 
2002022001021211112121 | 1011220222022122200210 | 2102022001011221101021 | 0001000221211222100102 | 0000211210200021210221 | 1212122221122012210100 | 1220220200102110222210 | 2220222102222011102202 | 0002220022021001201020 | 1001111212020020102111 | 
0120211021100101222211 | 1021221120200111222020 | 2021222210121202201100 | 0021101212120110110221 | 1220200121012021012010 | 1001111212020020102111 | 0120211021100101222211 | 1021221120200111222020 | 2021222210121202201100 | 2210020101012002002110 | 
1220200121012021012010 | 2210111111020200001221 | 1020021002001012020202 | 0221011221102002002021 | 0120211021100101222211 | 1112111002022000211210 | 0000211210200021210221 | 1212122221122012210100 | 1220220200102110222210 | 2220222102222011102202 | 
0102000021202010012211 | 2210020101012002002110 | 0112122010201210201202 | 0221011221102002002021 | 2201221210001210000211 | 1222201201001021202112 | 2002022022221221120202 | 2220202120120022200122 | 0001001000200002210211 | 1012120101001210201122 | 
2201210101010102221112 | 0012021212121210002220 | 0201222002110122002220 | 1100012200120200112110 | 2011111001200021011111 | 2201122111000021210000 | 2021122022000212202212 | 2122121211102200111102 | 2220202120120022200122 | 0001001000200002210211 | 
1012120101001210201122 | 2201210101010102221112 | 0012021212121210002220 | 0201222002110122002220 | 1222201201001021202112 | 2002022022221221120202 | 1012120101001210201122 | 2201210101010102221112 | 1012000110221200110001 | 2211120011201011220221 | 
2011111001200021011111 | 1120000201002112020102 | 0010011020110022211000 | 1202021101010102202120 | 1011222120120212210122 | 7777777777777777777777 | 7777777777777777777777 | 7777777777777777777777 | 7777777777777777777777 | 7777777777777777777777 | 
Member 14, Path Length = 77, Fitness = 0.00000:
1100110202210212100120 | 2022002122101220101001 | 2021111200020211202120 | 1101022012212201011002 | 1210022222200101121122 | 2021202212202210111202 | 0022102200012020220022 | 1112220222112111120101 | 1122211102012001121212 | 0201202201212122111120 | 
2002022001021211112121 | 1011220222022122200210 | 2102022001011221101021 | 0001000221211222100102 | 0000211210200021210221 | 2220222102222011102202 | 0002220022021001201020 | 1001111212020020102111 | 0120211021100101222211 | 1021221120200111222020 | 
0102000021202010012211 | 2210020101012002002110 | 1220200121012021012010 | 1001111212020020102111 | 0120211021100101222211 | 1021221120200111222020 | 2021222210121202201100 | 2210020101012002002110 | 1220200121012021012010 | 2210111111020200001221 | 
1020021002001012020202 | 0221011221102002002021 | 2122001000100200011021 | 2102022001011221101021 | 0120211021100101222211 | 1112111002022000211210 | 0000211210200021210221 | 1212122221122012210100 | 1220220200102110222210 | 2220222102222011102202 | 
0102000021202010012211 | 2210020101012002002110 | 0112122010201210201202 | 0221011221102002002021 | 2201221210001210000211 | 1222201201001021202112 | 2002022022221221120202 | 2220202120120022200122 | 0001001000200002210211 | 1012120101001210201122 | 
2201210101010102221112 | 0012021212121210002220 | 0201222002110122002220 | 1100012200120200112110 | 2011111001200021011111 | 2201122111000021210000 | 2021122022000212202212 | 2122121211102200111102 | 2220202120120022200122 | 0001001000200002210211 | 
1012120101001210201122 | 2201210101010102221112 | 0012021212121210002220 | 0201222002110122002220 | 1222201201001021202112 | 2002022022221221120202 | 0001010201201100011200 | 2220220222122221102100 | 1012120101001210201122 | 2201210101010102221112 | 
1012000110221200110001 | 2211120011201011220221 | 2011111001200021011111 | 1120000201002112020102 | 0010011020110022211000 | 2010102212121210010201 | 1011222120120212210122 | 7777777777777777777777 | 7777777777777777777777 | 7777777777777777777777 | 
Member 15, Path Length = 79, Fitness = -0.00179:
1100110202210212100120 | 2022002122101220101001 | 2021111200020211202120 | 1101022012212201011002 | 1210022222200101121122 | 2021202212202210111202 | 0022102200012020220022 | 1112220222112111120101 | 1122211102012001121212 | 1012010012020200222201 | 
2002022001021211112121 | 1011220222022122200210 | 2102022001011221101021 | 0001000221211222100102 | 1111022021011102021002 | 1212122221122012210100 | 1220220200102110222210 | 2220222102222011102202 | 0002220022021001201020 | 1001111212020020102111 | 
0120211021100101222211 | 1021221120200111222020 | 0102000021202010012211 | 2210020101012002002110 | 1220200121012021012010 | 1001111212020020102111 | 0120211021100101222211 | 1021221120200111222020 | 2021222210121202201100 | 2210020101012002002110 | 
1220200121012021012010 | 2210111111020200001221 | 1020021002001012020202 | 0221011221102002002021 | 2122001000100200011021 | 2102022001011221101021 | 0120211021100101222211 | 1112111002022000211210 | 0000211210200021210221 | 1212122221122012210100 | 
1220220200102110222210 | 2220222102222011102202 | 0102000021202010012211 | 2210020101012002002110 | 0112122010201210201202 | 0221011221102002002021 | 2201221210001210000211 | 1222201201001021202112 | 2002022022221221120202 | 2220202120120022200122 | 
0001001000200002210211 | 1012120101001210201122 | 2201210101010102221112 | 0012021212121210002220 | 0201222002110122002220 | 1100012200120200112110 | 2011111001200021011111 | 2201122111000021210000 | 2021122022000212202212 | 2122121211102200111102 | 
2220202120120022200122 | 0001001000200002210211 | 1012120101001210201122 | 2201210101010102221112 | 0012021212121210002220 | 0201222002110122002220 | 1222201201001021202112 | 2002022022221221120202 | 0001010201201100011200 | 2220220222122221102100 | 
1012120101001210201122 | 2201210101010102221112 | 1012000110221200110001 | 2211120011201011220221 | 2011111001200021011111 | 1120000201002112020102 | 0010011020110022211000 | 2010102212121210010201 | 1011222120120212210122 | 7777777777777777777777 | 
------------------------------------------------------------------------